,exposure_name
0,V198
